# transform file /net/rcss9/srv/export/ncf_pascual-leone_cnbs/share_root/lab/broad/baseline/subjects/Broad_82_YZ/mri/transforms/cc_up.lta
# created by stadayon on Thu Aug  2 06:27:37 2018

type      = 0 # LINEAR_VOX_TO_VOX
nxforms   = 1
mean      = 128.0000 138.0000 132.0000
sigma     = 10000.0000
1 4 4
9.956998825073242e-01 -4.540367424488068e-02 8.074861019849777e-02 -1.520933628082275e+00 
4.525509849190712e-02 9.989687800407410e-01 3.670067992061377e-03 -1.274129096418619e-02 
-8.083196729421616e-02 0.000000000000000e+00 9.967277646064758e-01 1.054411315917969e+01 
0.000000000000000e+00 0.000000000000000e+00 0.000000000000000e+00 1.000000000000000e+00 
src volume info
valid = 1  # volume info valid
filename = /net/rcss9/srv/export/ncf_pascual-leone_cnbs/share_root/lab/broad/baseline/subjects/Broad_82_YZ/mri/norm.mgz
volume = 256 256 256
voxelsize = 1.000000000000000e+00 1.000000000000000e+00 1.000000000000000e+00
xras   = -1.000000000000000e+00 0.000000000000000e+00 0.000000000000000e+00
yras   = 0.000000000000000e+00 0.000000000000000e+00 -1.000000000000000e+00
zras   = 0.000000000000000e+00 1.000000000000000e+00 0.000000000000000e+00
cras   = -4.690017700195312e-01 1.066098022460938e+01 3.565380096435547e+01
dst volume info
valid = 1  # volume info valid
filename = /net/rcss9/srv/export/ncf_pascual-leone_cnbs/share_root/lab/broad/baseline/subjects/Broad_82_YZ/mri/norm.mgz
volume = 256 256 256
voxelsize = 1.000000000000000e+00 1.000000000000000e+00 1.000000000000000e+00
xras   = -1.000000000000000e+00 0.000000000000000e+00 0.000000000000000e+00
yras   = 0.000000000000000e+00 0.000000000000000e+00 -1.000000000000000e+00
zras   = 0.000000000000000e+00 1.000000000000000e+00 0.000000000000000e+00
cras   = -4.690017700195312e-01 1.066098022460938e+01 3.565380096435547e+01
