# transform file transforms/talairach_with_skull.lta
# created by stadayon on Thu Aug  2 00:03:15 2018

type      = 0 # LINEAR_VOX_TO_VOX
nxforms   = 1
mean      = 127.0000 133.0000 134.0000
sigma     = 10000.0000
1 4 4
9.970417618751526e-01 -6.906415522098541e-02 9.848815947771072e-02 -3.875464439392090e+00 
5.470060184597969e-02 1.302708983421326e+00 -5.011176317930222e-02 -5.628579330444336e+01 
-8.219026029109955e-02 2.671288512647152e-02 1.127824664115906e+00 -2.672544670104980e+01 
0.000000000000000e+00 0.000000000000000e+00 0.000000000000000e+00 1.000000000000000e+00 
src volume info
valid = 1  # volume info valid
filename = nu.mgz
volume = 256 256 256
voxelsize = 1.000000000000000e+00 1.000000000000000e+00 1.000000000000000e+00
xras   = -1.000000000000000e+00 0.000000000000000e+00 0.000000000000000e+00
yras   = 0.000000000000000e+00 0.000000000000000e+00 -1.000000000000000e+00
zras   = 0.000000000000000e+00 1.000000000000000e+00 0.000000000000000e+00
cras   = -4.690017700195312e-01 1.066098022460938e+01 3.565380096435547e+01
dst volume info
valid = 1  # volume info valid
filename = /ncf/nrg/sw/apps/freesurfer/6.0.0/average/RB_all_withskull_2016-05-10.vc700.gca
volume = 256 256 256
voxelsize = 1.000000000000000e+00 1.000000000000000e+00 1.000000000000000e+00
xras   = -1.000000000000000e+00 0.000000000000000e+00 0.000000000000000e+00
yras   = 0.000000000000000e+00 0.000000000000000e+00 -1.000000000000000e+00
zras   = 0.000000000000000e+00 1.000000000000000e+00 0.000000000000000e+00
cras   = 0.000000000000000e+00 0.000000000000000e+00 0.000000000000000e+00
