type      = 1 # LINEAR_RAS_TO_RAS
nxforms   = 1
mean      = 0.0000 0.0000 0.0000
sigma     = 1.0000
1 4 4
1.000802040100098e+00 -8.330500125885010e-02 -5.757300183176994e-02 1.285079956054688e+00 
8.495300263166428e-02 1.156141042709351e+00 -2.637900039553642e-02 -3.044075012207031e+01 
3.311799839138985e-02 5.579200014472008e-02 1.181854963302612e+00 -2.569525146484375e+01 
0.000000000000000e+00 0.000000000000000e+00 0.000000000000000e+00 1.000000000000000e+00 
src volume info
valid = 1  # volume info valid
filename = /net/rcss9/srv/export/ncf_pascual-leone_cnbs/share_root/lab/broad/baseline/subjects/Broad_82_YZ/mri/orig_nu.mgz
volume = 256 256 256
voxelsize = 1.000000000000000e+00 1.000000000000000e+00 1.000000000000000e+00
xras   = -1.000000000000000e+00 0.000000000000000e+00 0.000000000000000e+00
yras   = 0.000000000000000e+00 0.000000000000000e+00 -1.000000000000000e+00
zras   = 0.000000000000000e+00 1.000000000000000e+00 0.000000000000000e+00
cras   = -4.690017700195312e-01 1.066098022460938e+01 3.565380096435547e+01
dst volume info
valid = 1  # volume info valid
filename = /ncf/nrg/sw/apps/freesurfer/6.0.0/average/mni305.cor.mgz
volume = 256 256 256
voxelsize = 1.000000000000000e+00 1.000000000000000e+00 1.000000000000000e+00
xras   = -1.000000000000000e+00 0.000000000000000e+00 0.000000000000000e+00
yras   = 0.000000000000000e+00 0.000000000000000e+00 -1.000000000000000e+00
zras   = 0.000000000000000e+00 1.000000000000000e+00 0.000000000000000e+00
cras   = 0.000000000000000e+00 0.000000000000000e+00 0.000000000000000e+00
subject fsaverage
fscale 0.100000
