# transform file /users/stadayon/Projects/Allen_Brain_Atlas/Data/MNI_reconall/MNI_FS2/mri/transforms/cc_up.lta
# created by stadayon on Tue Feb  7 07:06:37 2017

type      = 0 # LINEAR_VOX_TO_VOX
nxforms   = 1
mean      = 126.0000 142.0000 129.0000
sigma     = 10000.0000
1 4 4
9.999417066574097e-01 7.248091045767069e-03 -8.013286627829075e-03 1.770452737808228e+00 
-7.247858215123415e-03 9.999737739562988e-01 5.808255082229152e-05 9.911820411682129e+00 
8.013497106730938e-03 0.000000000000000e+00 9.999679327011108e-01 2.991330385208130e+00 
0.000000000000000e+00 0.000000000000000e+00 0.000000000000000e+00 1.000000000000000e+00 
src volume info
valid = 1  # volume info valid
filename = /users/stadayon/Projects/Allen_Brain_Atlas/Data/MNI_reconall/MNI_FS2/mri/norm.mgz
volume = 256 256 256
voxelsize = 1.000000000000000e+00 1.000000000000000e+00 1.000000000000000e+00
xras   = -1.000000000000000e+00 0.000000000000000e+00 0.000000000000000e+00
yras   = 0.000000000000000e+00 0.000000000000000e+00 -1.000000000000000e+00
zras   = 0.000000000000000e+00 1.000000000000000e+00 0.000000000000000e+00
cras   = -1.000000000000000e+00 -1.700000000000000e+01 1.900000000000000e+01
dst volume info
valid = 1  # volume info valid
filename = /users/stadayon/Projects/Allen_Brain_Atlas/Data/MNI_reconall/MNI_FS2/mri/norm.mgz
volume = 256 256 256
voxelsize = 1.000000000000000e+00 1.000000000000000e+00 1.000000000000000e+00
xras   = -1.000000000000000e+00 0.000000000000000e+00 0.000000000000000e+00
yras   = 0.000000000000000e+00 0.000000000000000e+00 -1.000000000000000e+00
zras   = 0.000000000000000e+00 1.000000000000000e+00 0.000000000000000e+00
cras   = -1.000000000000000e+00 -1.700000000000000e+01 1.900000000000000e+01
