# transform file transforms/talairach.lta
# created by stadayon on Tue Feb  7 02:41:14 2017

type      = 0 # LINEAR_VOX_TO_VOX
nxforms   = 1
mean      = 127.0000 142.0000 129.0000
sigma     = 10000.0000
1 4 4
9.624437689781189e-01 2.246863581240177e-02 -1.301996316760778e-02 3.677830219268799e+00 
-2.606721781194210e-02 9.185057878494263e-01 2.719898521900177e-02 -7.862200736999512e+00 
1.522254478186369e-02 -2.020011655986309e-02 9.435850977897644e-01 -9.174655914306641e+00 
0.000000000000000e+00 0.000000000000000e+00 0.000000000000000e+00 1.000000000000000e+00 
src volume info
valid = 1  # volume info valid
filename = nu.mgz
volume = 256 256 256
voxelsize = 1.000000000000000e+00 1.000000000000000e+00 1.000000000000000e+00
xras   = -1.000000000000000e+00 0.000000000000000e+00 0.000000000000000e+00
yras   = 0.000000000000000e+00 0.000000000000000e+00 -1.000000000000000e+00
zras   = 0.000000000000000e+00 1.000000000000000e+00 0.000000000000000e+00
cras   = -1.000000000000000e+00 -1.700000000000000e+01 1.900000000000000e+01
dst volume info
valid = 1  # volume info valid
filename = /ncf/nrg/sw/apps/freesurfer/6_2015_04_21/average/RB_all_2016-03-21.gca
volume = 256 256 256
voxelsize = 1.000000000000000e+00 1.000000000000000e+00 1.000000000000000e+00
xras   = -1.000000000000000e+00 0.000000000000000e+00 0.000000000000000e+00
yras   = 0.000000000000000e+00 0.000000000000000e+00 -1.000000000000000e+00
zras   = 0.000000000000000e+00 1.000000000000000e+00 0.000000000000000e+00
cras   = 0.000000000000000e+00 0.000000000000000e+00 0.000000000000000e+00
