type      = 1 # LINEAR_RAS_TO_RAS
nxforms   = 1
mean      = 0.0000 0.0000 0.0000
sigma     = 1.0000
1 4 4
9.737089872360229e-01 9.800000116229057e-04 -9.844999760389328e-03 1.019299961626530e-02 
-6.953999865800142e-03 9.661459922790527e-01 2.854499965906143e-02 -1.834182977676392e+00 
3.660999936982989e-03 2.052599936723709e-02 9.466530084609985e-01 -3.006739914417267e-01 
0.000000000000000e+00 0.000000000000000e+00 0.000000000000000e+00 1.000000000000000e+00 
src volume info
valid = 1  # volume info valid
filename = /users/stadayon/Projects/Allen_Brain_Atlas/Data/MNI_reconall/MNI_FS2/mri/orig_nu.mgz
volume = 256 256 256
voxelsize = 1.000000000000000e+00 1.000000000000000e+00 1.000000000000000e+00
xras   = -1.000000000000000e+00 0.000000000000000e+00 0.000000000000000e+00
yras   = 0.000000000000000e+00 0.000000000000000e+00 -1.000000000000000e+00
zras   = 0.000000000000000e+00 1.000000000000000e+00 0.000000000000000e+00
cras   = -1.000000000000000e+00 -1.700000000000000e+01 1.900000000000000e+01
dst volume info
valid = 1  # volume info valid
filename = /ncf/nrg/sw/apps/freesurfer/6_2015_04_21/average/mni305.cor.mgz
volume = 256 256 256
voxelsize = 1.000000000000000e+00 1.000000000000000e+00 1.000000000000000e+00
xras   = -1.000000000000000e+00 0.000000000000000e+00 0.000000000000000e+00
yras   = 0.000000000000000e+00 0.000000000000000e+00 -1.000000000000000e+00
zras   = 0.000000000000000e+00 1.000000000000000e+00 0.000000000000000e+00
cras   = 0.000000000000000e+00 0.000000000000000e+00 0.000000000000000e+00
subject fsaverage
fscale 0.100000
