# transform file transforms/talairach_with_skull.lta
# created by stadayon on Tue Feb  7 02:05:15 2017

type      = 0 # LINEAR_VOX_TO_VOX
nxforms   = 1
mean      = 127.0000 135.0000 131.0000
sigma     = 10000.0000
1 4 4
9.447005987167358e-01 -1.569858379662037e-02 -6.526454538106918e-02 1.617953300476074e+01 
-1.073096878826618e-02 1.028028964996338e+00 -1.078483164310455e-01 -6.357328414916992e+00 
7.441949099302292e-02 1.034280359745026e-01 9.524596333503723e-01 -3.552235412597656e+01 
0.000000000000000e+00 0.000000000000000e+00 0.000000000000000e+00 1.000000000000000e+00 
src volume info
valid = 1  # volume info valid
filename = nu.mgz
volume = 256 256 256
voxelsize = 1.000000000000000e+00 1.000000000000000e+00 1.000000000000000e+00
xras   = -1.000000000000000e+00 0.000000000000000e+00 0.000000000000000e+00
yras   = 0.000000000000000e+00 0.000000000000000e+00 -1.000000000000000e+00
zras   = 0.000000000000000e+00 1.000000000000000e+00 0.000000000000000e+00
cras   = -1.000000000000000e+00 -1.700000000000000e+01 1.900000000000000e+01
dst volume info
valid = 1  # volume info valid
filename = /ncf/nrg/sw/apps/freesurfer/6_2015_04_21/average/RB_all_withskull_2016-03-21.gca
volume = 256 256 256
voxelsize = 1.000000000000000e+00 1.000000000000000e+00 1.000000000000000e+00
xras   = -1.000000000000000e+00 0.000000000000000e+00 0.000000000000000e+00
yras   = 0.000000000000000e+00 0.000000000000000e+00 -1.000000000000000e+00
zras   = 0.000000000000000e+00 1.000000000000000e+00 0.000000000000000e+00
cras   = 0.000000000000000e+00 0.000000000000000e+00 0.000000000000000e+00
